# efermi=-1.513717782068334
-8.486282217931666594e+00 1.100062971407319878e-298 1.100062971407319878e-298 1.100062971407319666e-298 1.100062971407319666e-298
-8.284262015911464161e+00 1.135766086931192277e-282 1.135766086931192277e-282 1.135766086931192277e-282 1.135766086931192277e-282
-8.082241813891261728e+00 4.227151647667101509e-267 4.227151647667101509e-267 4.227151647667101509e-267 4.227151647667101509e-267
-7.880221611871060183e+00 5.671453042813922414e-252 5.671453042813922414e-252 5.671453042813920475e-252 5.671453042813920475e-252
-7.678201409850857750e+00 2.743016588356587076e-237 2.743016588356587076e-237 2.743016588356587621e-237 2.743016588356587621e-237
-7.476181207830655318e+00 4.782446366922476026e-223 4.782446366922476026e-223 4.782446366922471418e-223 4.782446366922471418e-223
-7.274161005810452885e+00 3.005795040631664179e-209 3.005795040631664179e-209 3.005795040631664179e-209 3.005795040631664179e-209
-7.072140803790252228e+00 6.810142504601668327e-196 6.810142504601668327e-196 6.810142504601669277e-196 6.810142504601669277e-196
-6.870120601770049795e+00 5.562123363493741421e-183 5.562123363493741421e-183 5.562123363493745602e-183 5.562123363493745602e-183
-6.668100399749847362e+00 1.637618044538951846e-170 1.637618044538951846e-170 1.637618044538952030e-170 1.637618044538952030e-170
-6.466080197729644929e+00 1.738089732947651133e-158 1.738089732947651133e-158 1.738089732947651133e-158 1.738089732947651133e-158
-6.264059995709443385e+00 6.649964918361582660e-147 6.649964918361582660e-147 6.649964918361493750e-147 6.649964918361493750e-147
-6.062039793689241840e+00 9.171789847319447964e-136 9.171789847319447964e-136 9.171789847319452547e-136 9.171789847319452547e-136
-5.860019591669039407e+00 4.560121531462403060e-125 4.560121531462403060e-125 4.560121531462402535e-125 4.560121531462402535e-125
-5.657999389648836974e+00 8.173090730212298123e-115 8.173090730212298123e-115 8.173090730212294516e-115 8.173090730212294516e-115
-5.455979187628635430e+00 5.280606475761387930e-105 5.280606475761387930e-105 5.280606475761367018e-105 5.280606475761367018e-105
-5.253958985608433885e+00 1.229897358611347142e-95 1.229897358611347142e-95 1.229897358611348140e-95 1.229897358611348140e-95
-5.051938783588231452e+00 1.032622335592046766e-86 1.032622335592046766e-86 1.032622335592046409e-86 1.032622335592046409e-86
-4.849918581568029019e+00 3.125372175029702615e-78 3.125372175029702615e-78 3.125372175029690150e-78 3.125372175029690150e-78
-4.647898379547827474e+00 3.409962076377473686e-70 3.409962076377473686e-70 3.409962076377460173e-70 3.409962076377460173e-70
-4.445878177527625041e+00 1.341173419758043459e-62 1.341173419758043459e-62 1.341173419758042595e-62 1.341173419758042595e-62
-4.243857975507423497e+00 1.901550691592191468e-55 1.901550691592191468e-55 1.901550691592189656e-55 1.901550691592189656e-55
-4.041837773487221064e+00 9.718930084152029750e-49 9.718930084152029750e-49 9.718930084152028230e-49 9.718930084152028230e-49
-3.839817571467019519e+00 1.790674254041651710e-42 1.790674254041651710e-42 1.790674254041645656e-42 1.790674254041645656e-42
-3.637797369446817086e+00 1.189329803273584845e-36 1.189329803273584845e-36 1.189329803273583174e-36 1.189329803273583174e-36
-3.435777167426615542e+00 2.847577779887783980e-31 2.847577779887783980e-31 2.847577779887778725e-31 2.847577779887778725e-31
-3.233756965406413109e+00 2.457743011184951017e-26 2.457743011184951017e-26 2.457743011184947286e-26 2.457743011184947286e-26
-3.031736763386211564e+00 7.646891448285873090e-22 7.646891448285873090e-22 7.646891448285867447e-22 7.646891448285867447e-22
-2.829716561366009131e+00 8.576714656210834092e-18 8.576714656210834092e-18 8.576714656210817144e-18 8.576714656210817144e-18
-2.627696359345807586e+00 3.467724435997059858e-14 3.467724435997059858e-14 3.467724435997058596e-14 3.467724435997058596e-14
-2.425676157325605153e+00 5.054239028834571750e-11 5.054239028834571750e-11 5.054239028834565934e-11 5.054239028834565934e-11
-2.223655955305403609e+00 2.655550448244493006e-08 2.655550448244493006e-08 2.655550448244491352e-08 2.655550448244491352e-08
-2.021635753285201176e+00 5.029686500609082802e-06 5.029686500609082802e-06 5.029686500609079414e-06 5.029686500609079414e-06
-1.819615551264998965e+00 3.434115181967922889e-04 3.434115181967922889e-04 3.434115181967920178e-04 3.434115181967920178e-04
-1.617595349244797420e+00 8.452328736609426504e-03 8.452328736609426504e-03 8.452328736609419566e-03 8.452328736609419566e-03
-1.415575147224594987e+00 7.499382297127536734e-02 7.499382297127536734e-02 7.499382297127538122e-02 7.499382297127538122e-02
-1.213554945204393443e+00 2.398628622010032241e-01 2.398628622010032241e-01 2.398628622010033073e-01 2.398628622010033073e-01
-1.011534743184191010e+00 2.766011315809440152e-01 2.766011315809440152e-01 2.766011315809439042e-01 2.766011315809439042e-01
-8.095145411639894650e-01 1.163973801011287390e-01 1.163973801011287390e-01 1.163973801011289333e-01 1.163973801011289333e-01
-6.074943391437870321e-01 3.569350668391730458e-02 3.569350668391730458e-02 3.569350668391724907e-02 3.569350668391724907e-02
-4.054741371235845993e-01 9.710330703599361069e-02 9.710330703599361069e-02 9.710330703599361069e-02 9.710330703599361069e-02
-2.034539351033839427e-01 2.334691272270558171e-01 2.334691272270558171e-01 2.334691272270555951e-01 2.334691272270555951e-01
-1.433733083181509826e-03 2.836909492276262768e-01 2.836909492276262768e-01 2.836909492276271649e-01 2.836909492276271649e-01
2.005864689370209231e-01 1.738130689164907594e-01 1.738130689164907594e-01 1.738130689164902598e-01 1.738130689164902598e-01
4.026066709572233560e-01 1.389677757355676502e-01 1.389677757355676502e-01 1.389677757355676502e-01 1.389677757355676502e-01
6.046268729774240125e-01 2.194074642256686469e-01 2.194074642256686469e-01 2.194074642256687024e-01 2.194074642256687024e-01
8.066470749976264454e-01 1.622685241462172578e-01 1.622685241462172578e-01 1.622685241462172023e-01 1.622685241462172023e-01
1.008667277017828878e+00 5.566414757532191226e-02 5.566414757532191226e-02 5.566414757532182900e-02 5.566414757532182900e-02
1.210687479038031311e+00 9.798878822549485224e-02 9.798878822549485224e-02 9.798878822549496326e-02 9.798878822549496326e-02
1.412707681058233744e+00 2.602773478085556591e-01 2.602773478085556591e-01 2.602773478085553260e-01 2.602773478085553260e-01
1.614727883078434401e+00 2.602773478085552705e-01 2.602773478085552705e-01 2.602773478085552705e-01 2.602773478085552705e-01
1.816748085098636833e+00 9.798878822549487999e-02 9.798878822549487999e-02 9.798878822549482448e-02 9.798878822549482448e-02
2.018768287118839488e+00 5.566414757532180124e-02 5.566414757532180124e-02 5.566414757532185675e-02 5.566414757532185675e-02
2.220788489139041921e+00 1.622685241462175076e-01 1.622685241462175076e-01 1.622685241462173966e-01 1.622685241462173966e-01
2.422808691159242578e+00 2.194074642256691188e-01 2.194074642256691188e-01 2.194074642256689245e-01 2.194074642256689245e-01
2.624828893179445011e+00 1.389677757355676779e-01 1.389677757355676779e-01 1.389677757355676224e-01 1.389677757355676224e-01
2.826849095199647444e+00 1.738130689164902876e-01 1.738130689164902876e-01 1.738130689164905651e-01 1.738130689164905651e-01
3.028869297219849877e+00 2.836909492276274980e-01 2.836909492276274980e-01 2.836909492276276090e-01 2.836909492276276090e-01
3.230889499240050533e+00 2.334691272270566775e-01 2.334691272270566775e-01 2.334691272270567053e-01 2.334691272270567053e-01
3.432909701260252966e+00 9.710330703599343027e-02 9.710330703599343027e-02 9.710330703599337476e-02 9.710330703599337476e-02
3.634929903280455399e+00 3.569350668391727682e-02 3.569350668391727682e-02 3.569350668391732539e-02 3.569350668391732539e-02
3.836950105300657832e+00 1.163973801011289055e-01 1.163973801011289055e-01 1.163973801011290721e-01 1.163973801011290721e-01
4.038970307320858488e+00 2.766011315809435156e-01 2.766011315809435156e-01 2.766011315809438487e-01 2.766011315809438487e-01
4.240990509341060921e+00 2.398628622010041400e-01 2.398628622010041400e-01 2.398628622010039735e-01 2.398628622010039735e-01
4.443010711361263354e+00 7.499382297127532571e-02 7.499382297127532571e-02 7.499382297127524244e-02 7.499382297127524244e-02
4.645030913381465787e+00 8.452328736609417831e-03 8.452328736609417831e-03 8.452328736609402218e-03 8.452328736609402218e-03
4.847051115401668220e+00 3.434115181967860005e-04 3.434115181967860005e-04 3.434115181967853500e-04 3.434115181967853500e-04
5.049071317421868876e+00 5.029686500609175128e-06 5.029686500609175128e-06 5.029686500609158188e-06 5.029686500609158188e-06
5.251091519442071309e+00 2.655550448244551240e-08 2.655550448244551240e-08 2.655550448244540652e-08 2.655550448244540652e-08
5.453111721462273742e+00 5.054239028834549132e-11 5.054239028834549132e-11 5.054239028834521990e-11 5.054239028834521990e-11
5.655131923482476175e+00 3.467724435997047236e-14 3.467724435997047236e-14 3.467724435997030828e-14 3.467724435997030828e-14
5.857152125502676832e+00 8.576714656211092937e-18 8.576714656211092937e-18 8.576714656211051337e-18 8.576714656211051337e-18
6.059172327522879264e+00 7.646891448286200347e-22 7.646891448286200347e-22 7.646891448286141102e-22 7.646891448286141102e-22
6.261192529543081697e+00 2.457743011184935233e-26 2.457743011184935233e-26 2.457743011184916579e-26 2.457743011184916579e-26
6.463212731563284130e+00 2.847577779887762085e-31 2.847577779887762085e-31 2.847577779887740627e-31 2.847577779887740627e-31
6.665232933583484787e+00 1.189329803273643813e-36 1.189329803273643813e-36 1.189329803273633957e-36 1.189329803273633957e-36
6.867253135603687220e+00 1.790674254041737100e-42 1.790674254041737100e-42 1.790674254041719894e-42 1.790674254041719894e-42
7.069273337623889653e+00 9.718930084151994806e-49 9.718930084151994806e-49 9.718930084151944669e-49 9.718930084151944669e-49
7.271293539644092085e+00 1.901550691592177703e-55 1.901550691592177703e-55 1.901550691592160316e-55 1.901550691592160316e-55
7.473313741664292742e+00 1.341173419758148388e-62 1.341173419758148388e-62 1.341173419758134138e-62 1.341173419758134138e-62
7.675333943684496951e+00 3.409962076377132016e-70 3.409962076377132016e-70 3.409962076377096627e-70 3.409962076377096627e-70
7.877354145704697608e+00 3.125372175029656592e-78 3.125372175029656592e-78 3.125372175029614884e-78 3.125372175029614884e-78
8.079374347724897376e+00 1.032622335592215714e-86 1.032622335592215714e-86 1.032622335592203927e-86 1.032622335592203927e-86
8.281394549745101585e+00 1.229897358611341986e-95 1.229897358611341986e-95 1.229897358611330343e-95 1.229897358611330343e-95
8.483414751765302242e+00 5.280606475761973466e-105 5.280606475761973466e-105 5.280606475761898337e-105 5.280606475761898337e-105
8.685434953785506451e+00 8.173090730210857273e-115 8.173090730210857273e-115 8.173090730210743664e-115 8.173090730210743664e-115
8.887455155805707108e+00 4.560121531462379967e-125 4.560121531462379967e-125 4.560121531462314363e-125 4.560121531462314363e-125
9.089475357825907764e+00 9.171789847320984597e-136 9.171789847320984597e-136 9.171789847320926554e-136 9.171789847320926554e-136
9.291495559846111973e+00 6.649964918360476838e-147 6.649964918360476838e-147 6.649964918360429049e-147 6.649964918360429049e-147
9.493515761866312630e+00 1.738089732947645877e-158 1.738089732947645877e-158 1.738089732947634152e-158 1.738089732947634152e-158
9.695535963886513287e+00 1.637618044539317180e-170 1.637618044539317180e-170 1.637618044539294014e-170 1.637618044539294014e-170
9.897556165906717496e+00 5.562123363493711321e-183 5.562123363493711321e-183 5.562123363493636071e-183 5.562123363493636071e-183
1.009957636792691815e+01 6.810142504603198705e-196 6.810142504603198705e-196 6.810142504603154030e-196 6.810142504603154030e-196
1.030159656994712236e+01 3.005795040630800743e-209 3.005795040630800743e-209 3.005795040630778590e-209 3.005795040630778590e-209
1.050361677196732302e+01 4.782446366922434562e-223 4.782446366922434562e-223 4.782446366922333206e-223 4.782446366922333206e-223
1.070563697398752367e+01 2.743016588357180128e-237 2.743016588357180128e-237 2.743016588357106474e-237 2.743016588357106474e-237
1.090765717600772788e+01 5.671453042813862326e-252 5.671453042813862326e-252 5.671453042813701446e-252 5.671453042813701446e-252
1.110967737802792854e+01 4.227151647667079989e-267 4.227151647667079989e-267 4.227151647667018013e-267 4.227151647667018013e-267
1.131169758004813275e+01 1.135766086930670295e-282 1.135766086930670295e-282 1.135766086930654048e-282 1.135766086930654048e-282
1.151371778206833341e+01 1.100062971407313300e-298 1.100062971407313300e-298 1.100062971407297597e-298 1.100062971407297597e-298
